For each day of the week, how many people can play at each hour, UTC time. First entry is 00:00 - 01:00, last entry is 23:00 - 00:00 the next day.

Monday
       [2, 3, 3, 4, 4, 1, 1, 0, 0, 0, 0, 0, 0, 0, 0, 0, 0, 1, 2, 2, 3, 3, 2, 1]

Tuesday
       [2, 3, 3, 4, 4, 1, 1, 0, 0, 1, 1, 1, 1, 1, 1, 1, 1, 1, 2, 2, 3, 3, 2, 1]

Wednesday
       [2, 3, 3, 4, 4, 1, 1, 0, 0, 1, 1, 1, 1, 1, 1, 1, 1, 1, 2, 2, 3, 3, 2, 1]

Thursday
       [1, 2, 2, 3, 3, 1, 1, 0, 0, 1, 1, 1, 1, 1, 1, 1, 1, 1, 2, 2, 2, 2, 1, 0]

Friday
       [2, 4, 4, 5, 4, 1, 1, 0, 0, 0, 0, 0, 0, 0, 0, 0, 0, 1, 2, 2, 3, 3, 2, 1]

Saturday
       [2, 3, 3, 4, 3, 1, 1, 0, 0, 0, 0, 0, 0, 0, 0, 0, 0, 1, 2, 3, 4, 4, 3, 1]

Sunday
       [2, 3, 3, 4, 5, 2, 2, 1, 0, 0, 0, 0, 0, 0, 0, 0, 0, 1, 2, 2, 3, 3, 2, 1]