RemoveBuildingForPlayer(playerid, 4024, 1479.8672, -1790.3984, 56.0234, 0.25);
RemoveBuildingForPlayer(playerid, 4044, 1481.1875, -1785.0703, 22.3828, 0.25);
RemoveBuildingForPlayer(playerid, 1527, 1448.2344, -1755.8984, 14.5234, 0.25);
RemoveBuildingForPlayer(playerid, 1226, 1451.6250, -1727.6719, 16.4219, 0.25);
RemoveBuildingForPlayer(playerid, 4002, 1479.8672, -1790.3984, 56.0234, 0.25);
RemoveBuildingForPlayer(playerid, 3980, 1481.1875, -1785.0703, 22.3828, 0.25);
RemoveBuildingForPlayer(playerid, 4003, 1481.0781, -1747.0313, 33.5234, 0.25);
RemoveBuildingForPlayer(playerid, 1226, 1467.9844, -1727.6719, 16.4219, 0.25);
RemoveBuildingForPlayer(playerid, 1226, 1485.1719, -1727.6719, 16.4219, 0.25);
RemoveBuildingForPlayer(playerid, 1226, 1505.1797, -1727.6719, 16.4219, 0.25);
CreateObject(1337, 1396.67969, -1754.47461, 5.31354,   0.00000, 0.00000, 0.00000);
CreateObject(5154, 3371.60010, -4488.39990, -3.00000,   0.00000, 0.00000, 0.00000);
CreateObject(1461, 3365.39990, -4479.10010, 1.00000,   0.00000, 0.00000, 0.00000);
CreateObject(1461, 3377.89990, -4478.79980, 1.00000,   0.00000, 0.00000, 0.00000);
CreateObject(1461, 3365.39990, -4497.79980, 1.00000,   0.00000, 0.00000, 184.00000);
CreateObject(1461, 3377.60010, -4497.70020, 1.00000,   0.00000, 0.00000, 174.00000);
CreateObject(1598, 3366.00000, -4497.70020, 0.50000,   0.00000, 0.00000, 0.00000);
CreateObject(1641, 3366.30005, -4495.79980, 0.20000,   0.00000, 0.00000, 0.00000);
CreateObject(1640, 3368.89990, -4495.70020, 0.20000,   0.00000, 0.00000, 0.00000);
CreateObject(1642, 3371.30005, -4495.60010, 0.20000,   0.00000, 0.00000, 0.00000);
CreateObject(1643, 3373.50000, -4495.60010, 0.20000,   0.00000, 0.00000, 0.00000);
CreateObject(2406, 3367.00000, -4478.50000, 1.40000,   0.00000, 0.00000, 0.00000);
CreateObject(2410, 3369.00000, -4478.70020, 0.30000,   0.00000, 0.00000, 0.00000);
CreateObject(2405, 3370.80005, -4478.60010, 1.40000,   0.00000, 0.00000, 0.00000);
CreateObject(2404, 3371.89941, -4478.50000, 1.40000,   0.00000, 0.00000, 0.00000);
CreateObject(2410, 3374.00000, -4478.89990, 0.30000,   0.00000, 0.00000, 2.00000);
CreateObject(1606, 3375.69995, -4491.29980, -3.60000,   0.00000, 0.00000, 0.00000);
CreateObject(1606, 3367.50684, -4491.55762, -6.58991,   0.00000, 0.00000, 0.00000);
CreateObject(1606, 3367.50000, -4480.79980, -7.10000,   0.00000, 0.00000, 0.00000);
CreateObject(1605, 3375.69995, -4486.79980, -6.10000,   0.00000, 0.00000, 0.00000);
CreateObject(1603, 3356.10010, -4487.60010, 0.00000,   0.00000, 0.00000, 0.00000);
CreateObject(1608, 3360.30005, -4488.79980, 0.00000,   0.00000, 0.00000, 0.00000);
CreateObject(1608, 3392.35742, -4455.88672, -67.37775,   0.00000, 0.00000, 0.00000);
CreateObject(1608, 3370.80005, -4474.39990, 0.00000,   0.00000, 0.00000, 266.00000);
CreateObject(1608, 3384.39990, -4489.29980, 0.00000,   0.00000, 0.00000, 0.00000);
CreateObject(1337, 3370.32129, -4497.08691, -0.37074,   0.00000, 0.00000, 0.00000);
CreateObject(1609, 3368.89990, -4501.70020, 0.00000,   0.00000, 0.00000, 88.00000);
CreateObject(9237, 3371.39990, -4488.89990, 8.20000,   0.00000, 0.00000, 0.00000);
CreateObject(1255, 3366.60010, -4483.89990, 0.70000,   0.00000, 0.00000, 0.00000);
CreateObject(1255, 3366.60010, -4482.29980, 0.70000,   0.00000, 0.00000, 0.00000);
CreateObject(1255, 3366.60010, -4480.70020, 0.70000,   0.00000, 0.00000, 0.00000);
CreateObject(1255, 3376.60010, -4480.10010, 0.70000,   0.00000, 0.00000, 180.00000);
CreateObject(1255, 3376.60010, -4481.60010, 0.70000,   0.00000, 0.00000, 178.00000);
CreateObject(1255, 3376.60010, -4483.29980, 0.70000,   0.00000, 0.00000, 182.00000);
CreateObject(1646, 3373.39990, -4483.70020, 0.50000,   0.00000, 0.00000, 180.00000);
CreateObject(1646, 3369.50000, -4483.50000, 0.50000,   0.00000, 0.00000, 176.00000);
CreateObject(1645, 3371.60010, -4483.50000, 0.50000,   0.00000, 0.00000, 178.00000);
CreateObject(3858, 1718.09998, -1873.30005, 18.70000,   0.00000, 0.00000, 0.00000);
CreateObject(9949, 1470.69995, -1779.40002, 24.60000,   0.00000, 0.00000, 270.00000);
CreateObject(2745, 1470.90002, -1796.09998, 13.80000,   0.00000, 0.00000, 0.00000);
CreateObject(2745, 1488.19995, -1796.19995, 13.80000,   0.00000, 0.00000, 0.00000);
CreateObject(14819, 1479.09998, -1795.50000, 13.70000,   0.00000, 0.00000, 0.00000);
CreateObject(14819, 1480.59998, -1795.50000, 13.70000,   0.00000, 0.00000, 0.00000);
CreateObject(11489, 1500.19995, -1764.50000, 12.50000,   0.00000, 0.00000, 180.00000);
CreateObject(11489, 1458.50000, -1763.69995, 12.50000,   0.00000, 0.00000, 182.00000);
CreateObject(1949, 1487.30005, -1835.00000, 12.50000,   0.00000, 0.00000, 0.00000);
CreateObject(1949, 1472.69995, -1834.80005, 12.50000,   0.00000, 0.00000, 0.00000);
CreateObject(3578, 1433.00000, -1835.19995, 13.30000,   0.00000, 0.00000, 0.00000);
CreateObject(3578, 1400.80005, -1804.30005, 13.30000,   0.00000, 0.00000, 90.00000);
CreateObject(3578, 1400.69995, -1791.00000, 13.30000,   0.00000, 0.00000, 90.00000);
CreateObject(3578, 1400.90002, -1775.59998, 13.30000,   0.00000, 0.00000, 90.00000);
CreateObject(3578, 1559.00000, -1804.00000, 13.30000,   0.00000, 0.00000, 90.00000);
CreateObject(3578, 1559.00000, -1790.19995, 13.30000,   0.00000, 0.00000, 90.00000);
CreateObject(3578, 1559.00000, -1776.09998, 13.30000,   0.00000, 0.00000, 90.00000);
CreateObject(3578, 1528.59998, -1835.50000, 13.30000,   0.00000, 0.00000, 0.00000);
CreateObject(6965, 1536.90002, -1763.30005, 16.20000,   0.00000, 0.00000, 0.00000);
CreateObject(6965, 1538.00000, -1816.90002, 16.20000,   0.00000, 0.00000, 0.00000);
CreateObject(6965, 1422.40002, -1816.40002, 16.20000,   0.00000, 0.00000, 0.00000);
CreateObject(6965, 1420.40002, -1763.50000, 16.20000,   0.00000, 0.00000, 0.00000);
CreateObject(9833, 1484.90002, -1761.09998, 15.70000,   0.00000, 0.00000, 0.00000);
CreateObject(9833, 1469.40002, -1760.90002, 15.70000,   0.00000, 0.00000, 0.00000);
CreateObject(1337, 1396.67969, -1754.47461, 5.31354,   0.00000, 0.00000, 0.00000);
CreateObject(5154, 3371.60010, -4488.39990, -3.00000,   0.00000, 0.00000, 0.00000);
CreateObject(1461, 3365.39990, -4479.10010, 1.00000,   0.00000, 0.00000, 0.00000);
CreateObject(1461, 3377.89990, -4478.79980, 1.00000,   0.00000, 0.00000, 0.00000);
CreateObject(1461, 3365.39990, -4497.79980, 1.00000,   0.00000, 0.00000, 184.00000);
CreateObject(1461, 3377.60010, -4497.70020, 1.00000,   0.00000, 0.00000, 174.00000);
CreateObject(1598, 3366.00000, -4497.70020, 0.50000,   0.00000, 0.00000, 0.00000);
CreateObject(1641, 3366.30005, -4495.79980, 0.20000,   0.00000, 0.00000, 0.00000);
CreateObject(1640, 3368.89990, -4495.70020, 0.20000,   0.00000, 0.00000, 0.00000);
CreateObject(1642, 3371.30005, -4495.60010, 0.20000,   0.00000, 0.00000, 0.00000);
CreateObject(1643, 3373.50000, -4495.60010, 0.20000,   0.00000, 0.00000, 0.00000);
CreateObject(2406, 3367.00000, -4478.50000, 1.40000,   0.00000, 0.00000, 0.00000);
CreateObject(2410, 3369.00000, -4478.70020, 0.30000,   0.00000, 0.00000, 0.00000);
CreateObject(2405, 3370.80005, -4478.60010, 1.40000,   0.00000, 0.00000, 0.00000);
CreateObject(2404, 3371.89941, -4478.50000, 1.40000,   0.00000, 0.00000, 0.00000);
CreateObject(2410, 3374.00000, -4478.89990, 0.30000,   0.00000, 0.00000, 2.00000);
CreateObject(1606, 3375.69995, -4491.29980, -3.60000,   0.00000, 0.00000, 0.00000);
CreateObject(1606, 3367.50684, -4491.55762, -6.58991,   0.00000, 0.00000, 0.00000);
CreateObject(1606, 3367.50000, -4480.79980, -7.10000,   0.00000, 0.00000, 0.00000);
CreateObject(1605, 3375.69995, -4486.79980, -6.10000,   0.00000, 0.00000, 0.00000);
CreateObject(1603, 3356.10010, -4487.60010, 0.00000,   0.00000, 0.00000, 0.00000);
CreateObject(1608, 3360.30005, -4488.79980, 0.00000,   0.00000, 0.00000, 0.00000);
CreateObject(1608, 3392.35742, -4455.88672, -67.37775,   0.00000, 0.00000, 0.00000);
CreateObject(1608, 3370.80005, -4474.39990, 0.00000,   0.00000, 0.00000, 266.00000);
CreateObject(1608, 3384.39990, -4489.29980, 0.00000,   0.00000, 0.00000, 0.00000);
CreateObject(1337, 3370.32129, -4497.08691, -0.37074,   0.00000, 0.00000, 0.00000);
CreateObject(1609, 3368.89990, -4501.70020, 0.00000,   0.00000, 0.00000, 88.00000);
CreateObject(9237, 3371.39990, -4488.89990, 8.20000,   0.00000, 0.00000, 0.00000);
CreateObject(1255, 3366.60010, -4483.89990, 0.70000,   0.00000, 0.00000, 0.00000);
CreateObject(1255, 3366.60010, -4482.29980, 0.70000,   0.00000, 0.00000, 0.00000);
CreateObject(1255, 3366.60010, -4480.70020, 0.70000,   0.00000, 0.00000, 0.00000);
CreateObject(1255, 3376.60010, -4480.10010, 0.70000,   0.00000, 0.00000, 180.00000);
CreateObject(1255, 3376.60010, -4481.60010, 0.70000,   0.00000, 0.00000, 178.00000);
CreateObject(1255, 3376.60010, -4483.29980, 0.70000,   0.00000, 0.00000, 182.00000);
CreateObject(1646, 3373.39990, -4483.70020, 0.50000,   0.00000, 0.00000, 180.00000);
CreateObject(1646, 3369.50000, -4483.50000, 0.50000,   0.00000, 0.00000, 176.00000);
CreateObject(1645, 3371.60010, -4483.50000, 0.50000,   0.00000, 0.00000, 178.00000);
CreateObject(3858, 1718.09998, -1873.30005, 18.70000,   0.00000, 0.00000, 0.00000);
CreateObject(9949, 1470.69995, -1779.40002, 24.60000,   0.00000, 0.00000, 270.00000);
CreateObject(2745, 1470.90002, -1796.09998, 13.80000,   0.00000, 0.00000, 0.00000);
CreateObject(2745, 1488.19995, -1796.19995, 13.80000,   0.00000, 0.00000, 0.00000);
CreateObject(14819, 1479.09998, -1795.50000, 13.70000,   0.00000, 0.00000, 0.00000);
CreateObject(14819, 1480.59998, -1795.50000, 13.70000,   0.00000, 0.00000, 0.00000);
CreateObject(11489, 1500.19995, -1764.50000, 12.50000,   0.00000, 0.00000, 180.00000);
CreateObject(11489, 1458.50000, -1763.69995, 12.50000,   0.00000, 0.00000, 182.00000);
CreateObject(1949, 1487.30005, -1835.00000, 12.50000,   0.00000, 0.00000, 0.00000);
CreateObject(1949, 1472.69995, -1834.80005, 12.50000,   0.00000, 0.00000, 0.00000);