return {Vector3.new(-30.4104958, 10.1000004, -57.5845451),
Vector3.new(-30.5430164, 10.5582218, -57.7346382),
Vector3.new(-30.6755848, 11.0166111, -57.8847885),
Vector3.new(-30.8080902, 11.4747791, -58.0348625),
Vector3.new(-30.9406261, 11.9330559, -58.1849747),
Vector3.new(-31.0731468, 12.3912792, -58.3350677),
Vector3.new(-31.2056522, 12.8494453, -58.4851456),
Vector3.new(-31.3381882, 13.307724, -58.6352577),
Vector3.new(-31.470726, 13.7660027, -58.7853699),
Vector3.new(-31.6032791, 14.2243366, -58.9355011),
Vector3.new(-31.735817, 14.6826153, -59.0856133),
Vector3.new(-31.8683052, 15.140728, -59.235672),
Vector3.new(-32.000824, 15.5989513, -59.3857651),
Vector3.new(-32.1333771, 16.0572853, -59.5358963),
Vector3.new(-32.2659149, 16.515564, -59.6860085),
Vector3.new(-32.3984375, 16.9737873, -59.8361015),
Vector3.new(-32.5309715, 17.4320641, -59.9862137),
Vector3.new(-32.6634941, 17.8902874, -60.1363068),
Vector3.new(-32.7959976, 18.3484554, -60.2863846),
Vector3.new(-32.9285202, 18.8066788, -60.4364777),
Vector3.new(-33.0610428, 19.2649021, -60.5865707),
Vector3.new(-33.1935692, 19.7231522, -60.7366753),
Vector3.new(-33.3260803, 20.1813488, -60.8867607),
Vector3.new(-33.4586029, 20.6395721, -61.0368538),
Vector3.new(-33.5911179, 21.0977669, -61.1869392),
Vector3.new(-33.723629, 21.5559635, -61.3370247),
Vector3.new(-33.856144, 22.0141582, -61.4871101),
Vector3.new(-33.9886703, 22.4724083, -61.6372147),
Vector3.new(-34.1211853, 22.9306049, -61.7873001),
Vector3.new(-34.2536964, 23.3887997, -61.9373817),
Vector3.new(-34.3862076, 23.8469944, -62.0874672),
Vector3.new(-34.5187302, 24.3052177, -62.2375603),
Vector3.new(-34.6512451, 24.7634125, -62.3876457),
Vector3.new(-34.7837563, 25.2216072, -62.5377312),
Vector3.new(-34.9162636, 25.6797905, -62.6878128),
Vector3.new(-35.0487785, 26.1379852, -62.8378983),
Vector3.new(-35.181282, 26.5961533, -62.9879723),
Vector3.new(-35.3137894, 27.0543213, -63.1380501),
Vector3.new(-35.4463043, 27.5125313, -63.2881393),
Vector3.new(-35.5788193, 27.970726, -63.4382248),
Vector3.new(-35.7113266, 28.4289093, -63.5883064),
Vector3.new(-35.8438339, 28.8870926, -63.7383881),
Vector3.new(-35.9763412, 29.3452606, -63.8884621),
Vector3.new(-36.1088486, 29.8034363, -64.0385437),
Vector3.new(-36.2413559, 30.2616119, -64.1886215),
Vector3.new(-36.373867, 30.7198009, -64.3386993),
Vector3.new(-36.5063744, 31.1779823, -64.4887848),
Vector3.new(-36.6388855, 31.6361656, -64.6388626),
Vector3.new(-36.7713928, 32.0943451, -64.7889481),
Vector3.new(-36.9039001, 32.5525246, -64.9390259),
Vector3.new(-37.0364075, 33.0107002, -65.0891037),
Vector3.new(-37.1689148, 33.4688797, -65.2391815),
Vector3.new(-37.3014221, 33.9270515, -65.3892593),
Vector3.new(-29.6150932, 10.1000004, -56.3071289),
Vector3.new(-29.5483704, 10.5874844, -56.2181931),
Vector3.new(-29.4816456, 11.0749683, -56.129261),
Vector3.new(-29.4149208, 11.5624523, -56.0403252),
Vector3.new(-29.3481827, 12.0500507, -55.9513702),
Vector3.new(-29.2814751, 12.5374165, -55.8624573),
Vector3.new(-29.2147675, 13.0247822, -55.7735443),
Vector3.new(-29.1480598, 13.512146, -55.6846352),
Vector3.new(-29.081337, 13.9996281, -55.5956993),
Vector3.new(-29.0146065, 14.4871712, -55.5067558),
Vector3.new(-28.9478741, 14.9747124, -55.4178123),
Vector3.new(-28.8811588, 15.4621353, -55.3288879),
Vector3.new(-28.8144436, 15.9495583, -55.2399635),
Vector3.new(-28.7477112, 16.4370995, -55.1510201),
Vector3.new(-28.6809959, 16.9245224, -55.0620956),
Vector3.new(-28.6142731, 17.4120045, -54.9731636),
Vector3.new(-28.5475349, 17.8996048, -54.8842087),
Vector3.new(-28.4808102, 18.3870869, -54.7952728),
Vector3.new(-28.4140797, 18.8746281, -54.7063293),
Vector3.new(-28.3473549, 19.3621101, -54.6173935),
Vector3.new(-28.280632, 19.8495922, -54.5284615),
Vector3.new(-28.2139015, 20.3371334, -54.439518),
Vector3.new(-28.1471863, 20.8245564, -54.3505936),
Vector3.new(-28.080471, 21.3119812, -54.261673),
Vector3.new(-28.0137386, 21.7995224, -54.1727257),
Vector3.new(-27.9470062, 22.2870636, -54.0837822),
Vector3.new(-27.880291, 22.7744865, -53.9948578),
Vector3.new(-27.8135643, 23.2619972, -53.9059181),
Vector3.new(-27.7468376, 23.7495079, -53.8169785),
Vector3.new(-27.6801147, 24.23699, -53.7280464),
Vector3.new(-27.6133785, 24.7245598, -53.6390953),
Vector3.new(-27.5466633, 25.2119846, -53.5501747),
Vector3.new(-27.479948, 25.6994076, -53.4612503),
Vector3.new(-27.4132328, 26.1868305, -53.3723259),
Vector3.new(-27.3465137, 26.674284, -53.2833977),
Vector3.new(-27.279789, 27.1617661, -53.1944656),
Vector3.new(-27.2130737, 27.649189, -53.1055412),
Vector3.new(-27.146347, 28.1366997, -53.0166016),
Vector3.new(-27.0796242, 28.6241817, -52.9276695),
Vector3.new(-27.0129051, 29.1116333, -52.8387413),
Vector3.new(-26.9461861, 29.5990868, -52.7498131),
Vector3.new(-26.8794594, 30.0865822, -52.6608772),
Vector3.new(-26.8127346, 30.5740776, -52.5719376),
Vector3.new(-26.7460098, 31.0615749, -52.4830017),
Vector3.new(-26.679285, 31.549057, -52.3940697),
Vector3.new(-26.6125622, 32.0365372, -52.3051338),
Vector3.new(-26.5458393, 32.5240211, -52.2162018),
Vector3.new(-26.4791203, 33.0114746, -52.1272736),
Vector3.new(-26.4123936, 33.49897, -52.0383377),
Vector3.new(-26.3456707, 33.9864502, -51.9494019),
Vector3.new(-26.2789478, 34.4739342, -51.8604698),
Vector3.new(-26.2122231, 34.9614296, -51.771534),
Vector3.new(-26.1455002, 35.4488983, -51.6826019),
Vector3.new(-26.0787792, 35.9363708, -51.5936699),
Vector3.new(-26.0120544, 36.4238625, -51.504734),
Vector3.new(-25.9453316, 36.9113388, -51.415802),
Vector3.new(-25.8786068, 37.3988266, -51.3268661),
Vector3.new(-25.8118839, 37.8863144, -51.2379303),
Vector3.new(-25.7451591, 38.3738022, -51.1489983),
Vector3.new(-25.6784363, 38.8612823, -51.0600624),
Vector3.new(-25.6117134, 39.3487587, -50.9711304),
Vector3.new(-29.5187073, 10.1000004, -57.1240692),
Vector3.new(-29.2878151, 10.5184422, -57.2714272),
Vector3.new(-29.0570087, 10.9367332, -57.4187355),
Vector3.new(-28.8261719, 11.3550739, -57.5660591),
Vector3.new(-28.5953369, 11.7734146, -57.7133827),
Vector3.new(-28.364418, 12.191906, -57.8607597),
Vector3.new(-28.1335297, 12.6103477, -58.0081215),
Vector3.new(-27.9026108, 13.0288391, -58.1554985),
Vector3.new(-27.6717339, 13.4472542, -58.3028488),
Vector3.new(-27.4408569, 13.8656693, -58.4501991),
Vector3.new(-27.2100067, 14.2840366, -58.5975342),
Vector3.new(-26.9791431, 14.7024269, -58.7448769),
Vector3.new(-26.7482796, 15.1208191, -58.8922195),
Vector3.new(-26.5174446, 15.5391617, -59.0395432),
Vector3.new(-26.2865944, 15.9575272, -59.1868744),
Vector3.new(-26.0557041, 16.3759689, -59.3342361),
Vector3.new(-25.8248558, 16.7943344, -59.4815674),
Vector3.new(-25.5940056, 17.2126999, -59.6289024),
Vector3.new(-25.3631554, 17.6310654, -59.7762337),
Vector3.new(-25.1323071, 18.0494328, -59.9235687),
Vector3.new(-24.9014568, 18.4677982, -60.0709),
Vector3.new(-24.6706142, 18.8861504, -60.2182312),
Vector3.new(-24.4397659, 19.3045177, -60.3655624),
Vector3.new(-24.20891, 19.7228966, -60.5129013),
Vector3.new(-23.9780598, 20.1412621, -60.6602325),
Vector3.new(-23.7472172, 20.5596161, -60.8075638),
Vector3.new(-23.5163689, 20.9779816, -60.9548988),
Vector3.new(-23.2855244, 21.3963356, -61.1022263),
Vector3.new(-23.0546818, 21.8146896, -61.2495537),
Vector3.new(-22.8238468, 22.2330322, -61.3968811),
Vector3.new(-22.5929966, 22.6513977, -61.5442123),
Vector3.new(-22.3621578, 23.069746, -61.6915398),
Vector3.new(-22.1313248, 23.488081, -61.8388634),
Vector3.new(-21.9004822, 23.906435, -61.9861908),
Vector3.new(-21.6696472, 24.3247757, -62.1335144),
Vector3.new(-21.4388046, 24.7431297, -62.2808456),
Vector3.new(-21.2079659, 25.161478, -62.4281731),
Vector3.new(-20.9771271, 25.5798225, -62.5754967),
Vector3.new(-20.7462921, 25.9981651, -62.7228241),
Vector3.new(-20.5154552, 26.4165058, -62.8701477),
Vector3.new(-20.2846165, 26.8348541, -63.0174751),
Vector3.new(-20.0537796, 27.2531986, -63.1647987),
Vector3.new(-19.8229408, 27.6715431, -63.3121262),
Vector3.new(-19.5921021, 28.0898914, -63.4594536),
Vector3.new(-30.5613594, 10.1000004, -56.613781),
Vector3.new(-30.8127155, 10.5136127, -56.4878159),
Vector3.new(-31.0639534, 10.9270229, -56.3619156),
Vector3.new(-31.3152466, 11.3405361, -56.2359848),
Vector3.new(-31.5666046, 11.7541485, -56.1100235),
Vector3.new(-31.8177814, 12.1674595, -55.9841499),
Vector3.new(-32.0689583, 12.5807705, -55.8582764),
Vector3.new(-32.3203125, 12.9943829, -55.7323151),
Vector3.new(-32.5715485, 13.407793, -55.6064148),
Vector3.new(-32.8227844, 13.8212032, -55.4805107),
Vector3.new(-33.0740204, 14.2346153, -55.3546104),
Vector3.new(-33.3251953, 14.6479282, -55.2287369),
Vector3.new(-33.5762482, 15.0610409, -55.1029282),
Vector3.new(-33.8275452, 15.4745522, -54.9769974),
Vector3.new(-34.0787201, 15.8878632, -54.8511238),
Vector3.new(-34.3299561, 16.3012733, -54.7252235),
Vector3.new(-34.5812531, 16.7147846, -54.5992889),
Vector3.new(-34.832489, 17.1281986, -54.4733887),
Vector3.new(-35.083847, 17.5418091, -54.3474274),
Vector3.new(-35.335144, 17.9553204, -54.2214928),
Vector3.new(-35.5865021, 18.3689327, -54.0955315),
Vector3.new(-35.8378601, 18.7825451, -53.9695663),
Vector3.new(-36.0890961, 19.1959572, -53.8436661),
Vector3.new(-36.340332, 19.6093674, -53.7177658),
Vector3.new(-36.5915985, 20.0228291, -53.5918465),
Vector3.new(-36.842865, 20.4362926, -53.4659309),
Vector3.new(-37.094162, 20.8498039, -53.3399963),
Vector3.new(-37.345459, 21.2633171, -53.2140656),
Vector3.new(-37.5967255, 21.6767788, -53.08815),
Vector3.new(-37.8479614, 22.0901909, -52.9622459),
Vector3.new(-38.0992889, 22.5037537, -52.8362961),
Vector3.new(-38.3505859, 22.9172649, -52.7103653),
Vector3.new(-38.6018829, 23.3307762, -52.5844345),
Vector3.new(-38.8531494, 23.7442379, -52.458519),
Vector3.new(-39.1043854, 24.15765, -52.3326149),