6011424388023760
630499688475
6593671835247261
376919660102366
6550265685657553
3594560924489262
375327154521185
30196034402925
4910082020777396
3509640370055454
4694149059558
30479730283033
30418396521724
4257232975732703
3542253850378286
340751377404584
4819713051320674328
180083535446213
3558964705845250
4281708741265018511
180055494383165
180044446705048
4578881517057
3537320120265234
213169685426443
3538420696354591
3535063149065209
4997343687268
3552559179594404
4879898946226914
3544475889959962
5493128125277980
213130189057605
3531106225211884
374987828189213
3597225087027989
374642123580950
6011577871506581
4913501922215
30292146155160
342107942559394
30373039357715
3569569914303681
3553409014595597
676275852850
375441109082886
676313258649
3520352921852158
30434653462320
4137181440467898
676219474431
5543339465886757
4136992284454493568
5552770117939719
3579609728617393
502002162829
4080576149296653
2225404932465817
30404428005464
3548864512068505
6525411849446721
4656257410739259
501887334719
4644289212163532
372276565635816
30125133207422
3588740412767688
4071975121594681555
4861440625545988167
3580833550558882
060498756893
3572408351670606
5168605760588908
4604874950558
2222725443239314
3549034187724845
639003284390
4496608467516
213171905329761
36414346281281
4036748952850
4399911980631
377831603828651
4064590570364
378840415183436
5427583708703250
344241270971638
5220708091368523
3543795378319233
4983319305595578
4097829185109
3517423842108262
4578818507668
4710919512587340
4170594652246222
213160481999881
3520551996963580
4044412038331945
3599245666949575
213179977749261
346767293373400
4912711499725
501861891767
30054539408600
630427416171
4915021556066811
30540642524978
4356013507941528441
6011109889706977
3519563039101105
4093957897299567
4678728019759009
371944563423094
3536470440129437
060439116991
4522353017772503039
4892398833414954420
4685955322103887
30435108056237
5514309626102738
377637205800166
377351757707080
3545624437417721
180098701804847
4744556735255
213152660036098
30300873296154
36359894254398
3596924811723555
4216735090118459
213132867619425
213166139571477
375180926551273
6501329789186271
3581566574596467
3575943620918482
4959985265514
213199148054110
36523738392157
3578411325753502
503822220441
4943568641360555
5221988267578795
4784906000365835
213142492052397
630436144343
3584725806812830
3570230624610439
4333646982025905621
3571008587136066
4544785156913
38732572177651
4436610231074532867
4270213807049782
5172406769239534
213152887900928
30388543065109
5226265052954381
4361417325913409
4803907482785307
30126572234166
676227581078
4602787019541107
5525709387899017
4174521978269725
3558638042366408
3518879989199225
5475857693830000
4275341876773225
3532402782287758
3516079904260192
6011634385513940
3512234417724044
213156375958793
3501440778692273
213158297404641
4222690667026274
3563709881245962
4520761115851768
38306050012050
4361939008407
4578977436195211
3580304858791096
6544730845762105
3583959477524207
349240829644337
4143982409322365338
4991677826571890124
568631173388
501886231551
376798521577069
4572741363224
345295000591685
6011441762978088
3552217609099557
630412602710
4549319978403644
180066858450524
4208887765384013
570619596333
3555850495297518
3509039194041826
4193254623605
3529982470867404
4037777945286443473
4001391726035
4756406957249826797
4286054424818
4224781168029798
30314123545187
4283089778428790
213155095195637
5397880677957842
3517708553563352
373251309808648
30400291292684
4890639786953307
4353858901159346817
4705354140707770
36955391858241
4075083624575
5560027533673632
30458239160785
4560961428838724499
4911778320760821
6011349488172433
4103723564577208
6536430159894343
373498595573507
4374537488016955704
4502605094661481070
4112233862558578
4629959312262835
4622845944162385
4107768763223072525
5156514310444840
5236196258575845
4714158396764
180093332865655
4576192260748786
4862809828048
3532183083353396
343134680572883
30157284094770
4046727483410912
3532321144036986
343838968566454
3519605677056008
6571498417655075
30553088681491
4776570826348
38452680956132
5346634629726991
4428146804298
501853417738
4583905467800
4013081418427
213146156474896
370380592494700
4657697706354463708
4565492970453630789
3566960773271403
5282621288935803
4055105557984661804
3596545197047077
6011928059720025
4735182478780486192
30456497734325
585621984020
4351061974021
4698117746807
3596991201222415
180025384743604
4216227284328219
30114701980602
30306638512694
213168503719229
4384909710987074
30119719639355
676190218286
630459297127
4119985165807118
4374809740093178
3506087519141089
4983924089940450
6512949567695701
4533439664893
213139179834311
341846207494935
6574334677714384
180018452112018
3512510524757732
30343082087261
4739586348897
3528783508812714
6011754001419486
6011071001956742
578422504071
4668093530380773
6550823066168937
346566014034824
4147056633898315
502061286584
30382183836549
4530758283890043035
3592694700773920
213194281863955
3575078207935268
5179771296802317
3553395534471155
375989235392090
3553818039087242
4672462074024701268
3512396178852171
3539809990118059
3525888786600591
38007806261534
502079613621
3592715806659612
3529415963509894
3574735057763691
213165748083783
573576016790
4864276599110
38252216952724
630408053548
379216512141602
4348484312761801
5539534641219990
5214063089168651
4248324775737610
4737608568118626
3531953426401420
4048263806662466
340731366704376
180050068890372
30053059455108
4397784792274567
4686639819226497
378648454042151
374891965826373
4747852362831
3535450939181652
4526795233368168
344519339083994
342828941035553
580398781055
4335112417841
345764106630267
213163021250864
38154478769434
577004963655
349765848286470
3586759344864258
4259648822593014
3526612052137974
30445168123421
4928045605167
30176476377280
4513306358800252166
4613887687782491
676397430239
4685749326914187
060415555576
6595920022337627
4248805214351
345322084849712
3507612081011698
340557203130032
6535319412399565
30102873191199
5132434350521663
4815548103873902
213187843864867
5496338301019893
213193984979837
2224785732500980
3598203510014345
30027229336901
5367958636645876
2221811133750876
5287807315174442
3527505304570910
6011488127670652
501883140391
6539995939741581
4837705362149218
676155350843
3506659509826091
3532613629100356
6548018139628588
3526786081876214
30367383872022
676102583900
676276690747
4264101420019902
587799577172
5440307114364074
5479380166826484
3535447642686266
4484831680790
3533000352108039
30067587328777
502070908251
3547132808350909
349816938932638
3592143817311489
3582502391070799
213107460007749
5167659957465355
630472461692
5514074342749440
3575922169221649
676304908368
3517219093087316
3548007036886891
341134130010809
5185040453597835
5388754734122206
4031890352058
2226919659312446
4397956925894831765
4601204137260
4962053212002817
501813966196
4321645889102
3540223157208942
3514587918410050
2224897113881747
180033147824620
5222767317869605
6011747190692590
502047694406
180023481190209
6565080328677899
4221335849880484
30136890324169
566984174540
6011026898464473
4929763736009574585
6500925612281626
4024881073024786110
377851370373988
4176415743835522
675988499231
4694363215027233916
4747177612220809082
374527753650621
3599083401931388
36480198551162
30366833843013
6011514698112095
676365130613
30552618823896
675907891492
3544601464889478
2224478702404116
4510210607860525
6577899683844661
3502543749530396
3515268854869224
4603120088375463
3528032374219509
345997652805673
4024341107636656685
4040098089185449
4316782715904
376080282849072
5528414799839944
4301108997808
4954462998039325204
4776278989109
4842579071825097564
6011505003419928
213184104150375
4516474734960681
4810162542287289
579132343495
639043387088
6011688934763893
4601637380040
570055227831
3549942395849305
3591732809458232
180009617716751
180034347671027
3554583792975418
3500668280102016
180036582482580
30580014052141
3519199138270929
3533839971270013
3580893762230308
3500085989175179
4762686808237840531
373758788131334
4354863000228556
4187730224502103
5528519088088563
3515765367419801
573283227656
5323628538139145
5445211537657343
4228488039426064
4587189295290
4594742460086284
4757956500907829
4724142441084263
38169569914186
3532690116537522
6512168990119532
371863051639385
5134937753805457
4674442841682064549
3572125323529468
4552260471891980
5292516777582249
213102519055153
348329489631568
4110850764872
180007403641142
341190031776948
4846170767266632850
30310069403225
3578633726655347
5528723725318116
30293907412790
563363783694
3510870058675979
3544218492714188
3590107998751906
30143967760820
4095601026655822520
213178041359081
3597669829969687
30213130979142
213187765709967
36312164644525
4133081782695
3594795046587037
4801497379778831
6011451908077950
4411897851490916
3587211907360489
4365307433778731436
3540171767123235
5436396691467570
4086054410364034
348911735002791
30088119690401
5479131183418403
4848854954844062
374339806768214
4535693948060580944
4815682337565016
4001960697482251
4515337158529255013
4553014689205335597
3598993746948817
6560598681997872
4685381285956294292
375094360450852
3519505332726252
4048135322878591974
4635796245446
5289645862232124
2228283619016623
348650720698979
30457315170288
4654436195170565
3591156478823932
4358102591140268
4845007636690246
213180322882583
5471619071566133
213164930660649
6011575795608699
213171716725918