CreateObject(970, 2098.46069, -1768.19238, 13.12530,   0.00000, 0.00000, 75.00000);
CreateObject(970, 2097.36597, -1772.20129, 13.12530,   0.00000, 0.00000, 75.00000);
CreateObject(970, 2096.28540, -1776.21069, 13.12530,   0.00000, 0.00000, 75.00000);
CreateObject(970, 2095.21606, -1780.24695, 13.12530,   0.00000, 0.00000, 75.00000);
CreateObject(970, 2094.15894, -1784.19568, 13.12530,   0.00000, 0.00000, 75.00000);
CreateObject(970, 2093.07666, -1788.18689, 13.12530,   0.00000, 0.00000, 75.00000);
CreateObject(970, 2094.55249, -1790.57263, 13.12530,   0.00000, 0.00000, 169.00000);
CreateObject(970, 2098.76440, -1790.99463, 13.12530,   0.00000, 0.00000, 178.00000);
CreateObject(970, 2078.99121, -1765.05884, 13.12530,   0.00000, 0.00000, 75.00000);
CreateObject(970, 2077.92456, -1769.01343, 13.12530,   0.00000, 0.00000, 75.00000);
CreateObject(970, 2076.72437, -1772.94043, 13.12530,   0.00000, 0.00000, 72.00000);
CreateObject(970, 2075.46411, -1776.80530, 13.12530,   0.00000, 0.00000, 72.00000);
CreateObject(970, 2074.19214, -1780.70435, 13.12530,   0.00000, 0.00000, 72.00000);
CreateObject(970, 2072.89990, -1784.62561, 13.12530,   0.00000, 0.00000, 72.00000);
CreateObject(970, 2077.51270, -1762.49573, 13.12530,   0.00000, 0.00000, 164.00000);
CreateObject(970, 2073.49023, -1761.97961, 13.12530,   0.00000, 0.00000, 181.00000);
CreateObject(970, 2069.38916, -1762.06116, 13.12530,   0.00000, 0.00000, 181.00000);
CreateObject(970, 2065.29663, -1762.19556, 13.12530,   0.00000, 0.00000, 181.00000);
CreateObject(970, 2091.20898, -1804.23901, 13.12530,   0.00000, 0.00000, 91.00000);
CreateObject(970, 2091.28467, -1808.29248, 13.12530,   0.00000, 0.00000, 91.00000);
CreateObject(970, 2093.26538, -1810.97961, 13.12530,   0.00000, 0.00000, 165.00000);
CreateObject(970, 2097.26831, -1811.58752, 13.12530,   0.00000, 0.00000, 178.00000);
CreateObject(970, 2097.03296, -1802.16113, 13.12530,   0.00000, 0.00000, 178.00000);
CreateObject(970, 2093.23926, -1802.13513, 13.12530,   0.00000, 0.00000, 178.00000);