400213
400214
400215
400665
400934
402363
402384
402892
402893
405682
409636
409675
410954
411902
411903
411908
411911
412979
412980
415815
419031
420184
421180
421610
426569
429389
430092
430337
430484
431151
431152
432065
432704
432705
432706
432707
432708
432709
432710
433392
433587
434676
434940
436767
438459
440437
442342
442343
447211
447692
447742
447780
448138
448404
448488
448533
450307
450329
450873
450934
451185
451186
451297
451816
451828
451830
451834
451835
453950
454187
454415
454416
454493
454494
454750
455227
455228
455621
455622
455797
456079
456342
456343
456719
456881
464004
465883
465884
467190
467191
469551
472076
472202
472203
472204
472208
475514
475515
475516
476073
479134
485600
485987
486401
486402
486418
486419
490866
490867
490900
490901
491013
491014
491076
491077
492103
492111
492160
492293
492294
493473
493728
493780
494031
494032
494033
494035
496604
496645
498400
498897
499959
499960