CreateObject(19378, 12.42992, 1482.58203, 3211.71510,   0.00000, 90.00000, 90.00000);
CreateObject(19446, 12.45016, 1477.42517, 3213.53629,   0.00000, 0.00000, 90.00000);
CreateObject(19446, 7.66370, 1482.27271, 3213.53630,   0.00000, 0.00000, 0.00000);
CreateObject(19446, 17.20641, 1482.33374, 3213.53630,   0.00000, 0.00000, 0.00000);
CreateObject(1566, 11.05697, 1477.47583, 3213.26344,   0.00000, 0.00000, 0.00000);
CreateObject(1566, 14.23425, 1477.47949, 3213.26340,   0.00000, 0.00000, 180.00000);
CreateObject(14416, 10.42104, 1485.19116, 3209.99963,   0.00000, 0.00000, 0.00000);
CreateObject(14416, 14.40874, 1485.18994, 3209.99963,   0.00000, 0.00000, 0.00000);
CreateObject(19354, 16.29308, 1486.69336, 3213.53630,   0.00000, 0.00000, 0.00000);
CreateObject(19354, 8.44484, 1486.70996, 3213.53630,   0.00000, 0.00000, 0.00000);
CreateObject(19354, 6.94440, 1485.18823, 3213.53630,   0.00000, 0.00000, 90.00000);
CreateObject(19354, 17.81365, 1485.15930, 3213.53630,   0.00000, 0.00000, 90.00000);
CreateObject(19378, 12.53409, 1492.38623, 3213.11755,   0.00000, 90.00000, 90.00000);
CreateObject(19446, 16.27918, 1493.09729, 3213.53630,   0.00000, 0.00000, 0.00000);
CreateObject(19446, 8.44184, 1493.09241, 3213.53630,   0.00000, 0.00000, 0.00000);
CreateObject(19446, 12.46890, 1497.61780, 3213.53630,   0.00000, 0.00000, 90.00000);
CreateObject(19446, 12.45016, 1477.42517, 3216.99986,   0.00000, 0.00000, 90.00000);
CreateObject(19446, 7.66370, 1482.27271, 3216.99989,   0.00000, 0.00000, 0.00000);
CreateObject(19354, 6.94440, 1485.18823, 3216.99989,   0.00000, 0.00000, 90.00000);
CreateObject(19354, 8.44480, 1486.70996, 3216.99989,   0.00000, 0.00000, 0.00000);
CreateObject(19446, 8.44180, 1493.09241, 3216.99989,   0.00000, 0.00000, 0.00000);
CreateObject(19446, 17.20640, 1482.33374, 3216.99989,   0.00000, 0.00000, 0.00000);
CreateObject(19354, 17.81370, 1485.15930, 3216.99989,   0.00000, 0.00000, 90.00000);
CreateObject(19354, 16.29310, 1486.69336, 3216.99989,   0.00000, 0.00000, 0.00000);
CreateObject(19446, 16.27920, 1493.09729, 3216.99989,   0.00000, 0.00000, 0.00000);
CreateObject(19446, 12.46890, 1497.61780, 3216.99989,   0.00000, 0.00000, 90.00000);
CreateObject(19378, 12.90036, 1497.89172, 3216.72047,   0.00000, 90.00000, 90.00000);
CreateObject(14416, 16.73696, 1490.75354, 3213.60741,   0.00000, 0.00000, 0.00000);
CreateObject(19354, 14.75424, 1489.09326, 3214.90358,   0.00000, 0.00000, 0.00000);
CreateObject(19354, 14.75301, 1492.29102, 3214.90358,   0.00000, 0.00000, 0.00000);
CreateObject(19354, 16.26234, 1493.83972, 3214.90359,   0.00000, 0.00000, 90.00000);
CreateObject(19378, 12.44866, 1483.08740, 3218.67857,   0.00000, 90.00000, 90.00000);
CreateObject(19378, 12.53409, 1492.38623, 3220.15245,   0.00000, 90.00000, 90.00000);
CreateObject(19446, 16.27920, 1493.09729, 3220.44844,   0.00000, 0.00000, 0.00000);
CreateObject(19446, 12.46890, 1497.61780, 3220.44839,   0.00000, 0.00000, 90.00000);
CreateObject(19446, 8.44180, 1493.09241, 3220.44839,   0.00000, 0.00000, 0.00000);
CreateObject(19378, 12.46995, 1472.62292, 3218.67857,   0.00000, 90.00000, 90.00000);
CreateObject(19446, 12.49134, 1488.28674, 3220.44839,   0.00000, 0.00000, 90.00000);
CreateObject(970, 12.57532, 1492.67126, 3217.27638,   0.00000, 0.00000, 0.00000);
CreateObject(970, 8.45511, 1492.66980, 3217.27638,   0.00000, 0.00000, 0.00000);
CreateObject(970, 14.71498, 1490.59058, 3217.15918,   0.00000, 0.00000, 90.00000);
CreateObject(970, 14.72351, 1489.62939, 3217.15918,   0.00000, 0.00000, 90.00000);
CreateObject(2773, 15.04719, 1478.51160, 3212.30431,   0.00000, 0.00000, -38.40002);
CreateObject(2773, 10.23370, 1478.51086, 3212.30431,   0.00000, 0.00000, 38.40000);
CreateObject(14611, 12.29482, 1492.88184, 3220.02563,   0.00000, 0.00000, 0.00000);
CreateObject(14611, 12.05970, 1481.66919, 3218.58504,   0.00000, 0.00000, 0.00000);
CreateObject(11687, 12.35921, 1493.86169, 3213.19978,   0.00000, 0.00000, 0.00000);
CreateObject(11687, 11.41906, 1493.89697, 3213.19978,   0.00000, 0.00000, 0.00000);
CreateObject(11687, 10.37908, 1493.89185, 3213.19978,   0.00000, 0.00000, 0.00000);
CreateObject(11687, 9.33900, 1493.90747, 3213.19978,   0.00000, 0.00000, 0.00000);
CreateObject(18001, 12.53806, 1477.49890, 3217.09573,   0.00000, 0.00000, 0.00000);
CreateObject(18001, 17.11121, 1481.34436, 3217.09570,   0.00000, 0.00000, 90.00000);
CreateObject(18001, 17.11120, 1481.34436, 3217.09570,   0.00000, 0.00000, -90.00000);
CreateObject(18001, 7.77087, 1481.37842, 3217.09570,   0.00000, 0.00000, -90.00000);
CreateObject(1825, 9.85548, 1491.72290, 3213.20087,   0.00000, 0.00000, 0.00000);
CreateObject(1825, 9.99138, 1488.79260, 3213.20087,   0.00000, 0.00000, 22.74001);
CreateObject(1825, 13.56986, 1491.16064, 3213.20087,   0.00000, 0.00000, 22.74001);
CreateObject(1825, 13.48101, 1488.68347, 3213.20087,   0.00000, 0.00000, 4.98001);
CreateObject(1825, 9.86671, 1495.95581, 3216.78506,   0.00000, 0.00000, 22.74001);
CreateObject(1825, 12.44427, 1494.18835, 3216.78506,   0.00000, 0.00000, 22.74001);
CreateObject(1825, 14.89452, 1496.12146, 3216.78506,   0.00000, 0.00000, 22.74001);
CreateObject(19174, 12.28027, 1497.52820, 3218.78503,   0.00000, 0.00000, 0.00000);
CreateObject(19175, 8.52676, 1494.86426, 3218.70091,   0.00000, 0.00000, 90.00000);
CreateObject(638, 8.13218, 1478.88562, 3212.46034,   0.00000, 0.00000, 0.00000);
CreateObject(638, 8.14512, 1483.71423, 3212.46034,   0.00000, 0.00000, 0.00000);
CreateObject(638, 16.71239, 1483.64063, 3212.46034,   0.00000, 0.00000, 0.00000);
CreateObject(638, 16.70892, 1478.86377, 3212.46034,   0.00000, 0.00000, 0.00000);
CreateObject(2011, 16.69355, 1481.28357, 3211.80063,   0.00000, 0.00000, 0.00000);
CreateObject(2011, 8.16302, 1481.27332, 3211.80063,   0.00000, 0.00000, 0.00000);
CreateObject(2247, 13.39084, 1491.22437, 3214.52032,   0.00000, 0.00000, 0.00000);
CreateObject(2247, 9.67310, 1491.80933, 3214.52032,   0.00000, 0.00000, 0.00000);
CreateObject(2247, 9.85065, 1488.81128, 3214.52032,   0.00000, 0.00000, 0.00000);
CreateObject(2247, 13.23457, 1488.77612, 3214.52032,   0.00000, 0.00000, 0.00000);
CreateObject(3802, 9.18243, 1486.48035, 3217.24030,   0.00000, 0.00000, 0.00000);
CreateObject(3802, 9.17413, 1490.57800, 3217.24030,   0.00000, 0.00000, 0.00000);
CreateObject(1792, 9.54730, 1497.96326, 3214.77844,   0.00000, 0.00000, 0.00000);
CreateObject(1792, 13.54539, 1497.96619, 3214.77844,   0.00000, 0.00000, 0.00000);
CreateObject(1792, 11.57905, 1497.93860, 3214.77844,   0.00000, 0.00000, 0.00000);
CreateObject(14831, 13.78921, 1482.96741, 3214.73872,   0.00000, 0.00000, 180.00000);
CreateObject(1538, 14.74334, 1493.90320, 3213.20453,   0.00000, 0.00000, 0.00000);