CreateDynamicObject(974, 955.59808, -1545.03809, 13.96159,   0.00000, 0.00000, 0.00000);
CreateDynamicObject(974, 956.69312, -1519.73584, 14.22548,   0.00000, 0.00000, 0.00000);
CreateDynamicObject(1617, 996.72925, -1525.65637, 19.70238,   0.00000, 0.00000, 0.00000);
CreateDynamicObject(934, 995.95789, -1522.42822, 13.71549,   0.00000, 0.00000, 0.00000);
CreateDynamicObject(925, 977.79230, -1545.30603, 13.60379,   0.00000, 0.00000, 0.00000);
CreateDynamicObject(925, 980.33276, -1545.29395, 13.60379,   0.00000, 0.00000, 0.00000);
CreateDynamicObject(1428, 986.87018, -1520.19910, 14.12195,   0.00000, 0.00000, 0.00000);
CreateDynamicObject(3280, 970.11017, -1520.32593, 12.56140,   0.00000, 0.00000, 0.00000);
CreateDynamicObject(1223, 974.68201, -1545.33838, 13.74419,   0.00000, 0.00000, 90.24001);
CreateDynamicObject(1223, 959.95709, -1545.17798, 13.74419,   0.00000, 0.00000, 90.24001);
CreateDynamicObject(1223, 970.14221, -1519.59106, 15.21462,   0.00000, 0.00000, -93.18000);
CreateDynamicObject(1223, 984.50214, -1519.56934, 12.31932,   0.00000, 0.00000, -93.18000);
CreateDynamicObject(1223, 996.97430, -1538.35767, 12.31932,   0.00000, 0.00000, -182.93999);
CreateDynamicObject(925, 982.89349, -1545.27222, 13.60379,   0.00000, 0.00000, 0.00000);



CreateVehicle(552, 962.5059, -1541.4806, 13.0581, 0.0000, -1, -1, 100);
CreateVehicle(552, 967.3961, -1541.6008, 13.0581, 0.0000, -1, -1, 100);
CreateVehicle(552, 972.3054, -1541.8199, 13.0581, 0.0000, -1, -1, 100);
CreateVehicle(552, 975.6321, -1523.5608, 13.0581, -180.6600, -1, -1, 100);
CreateVehicle(552, 980.7728, -1523.5068, 13.0581, -180.6600, -1, -1, 100);
CreateVehicle(552, 993.1746, -1536.6647, 13.1003, -271.6800, -1, -1, 100);
CreateVehicle(552, 992.9961, -1532.2786, 13.1003, -271.6800, -1, -1, 100);
CreateVehicle(552, 992.9706, -1527.6096, 13.1003, -271.6800, -1, -1, 100);
CreateVehicle(552, 962.4606, -1523.2762, 13.0581, -179.8200, -1, -1, 100);
CreateVehicle(552, 958.0028, -1523.2949, 13.0581, -179.8200, -1, -1, 100);
CreateVehicle(552, 957.2540, -1541.5758, 13.0581, 0.0000, -1, -1, 100);